1.000000
1.000000
1.000000
1.000000
0.319044
0.104218
0.104312
0.104330
0.104330
0.104330
0.104330
0.104330
0.104330
0.104330
0.104330
0.104330
0.104330
0.104330
0.104330
0.104326
0.104307
0.104172
0.318985
0.319298
0.104417
0.104145
0.104330
0.104330
0.104330
0.104330
0.104284
0.104201
0.104234
0.104289
0.104303
0.104316
0.104234
0.104248
0.104330
0.104121
0.104337
0.319284
1.000000
1.000000
1.000000
1.000000
1.000000
1.000000
1.000000
1.000000
1.000000
1.000000
1.000000
1.000000
1.000000
1.000000
1.000000
1.000000
1.000000
1.000000
0.008660
0.008614
0.007926
0.008660
0.007679
0.008660
0.960939
0.008655
0.958750
0.007676
0.007575
0.008640
0.007679
0.963995
1.015761
0.008660
0.007201
0.008501
1.080675
1.081875
0.007920
0.008811
0.860093
0.008660
0.008660
0.008660
0.008660
0.008660
0.008660
0.008659
0.008660
0.008660
0.008660
0.008660
0.008660
0.008660
0.008660
0.008660
0.008660
0.008652
0.008660
0.008608
0.008652
0.008660
0.008660
0.008660
0.008526
0.008578
0.008193
0.008485
0.007973
0.008492
0.008643
0.008652
0.008580
0.008658
0.008598
0.008660
0.008509
0.008660
0.008485
0.008660
0.008553
0.008660
0.008660
0.008657
0.008660
0.008609
0.007954
0.008680
0.008661
0.008514
0.007710
0.008756
0.008705
0.009010
0.009035
0.008660
0.008660
0.008660
0.008662
0.008663
0.008660
0.008754
0.008688
0.008810
0.007615
0.007654
0.007679
0.008628
0.008614
0.008655
0.008659
0.008660
0.008660
0.008660
0.008660
0.008660
0.008660
0.007434
0.007676
0.007679
0.010662
0.007417
0.009127
0.008718
0.008735
0.008731
0.008440
0.008660
0.007680
0.009143
0.008892
0.008702
0.008673
0.010648
0.008632
0.008801
0.007660
0.008646
0.007676
0.008360
0.007567
0.007722
0.008660
0.008660
0.007680
0.008660
0.008660
0.007679
0.007926
0.008467
0.007712
0.007590
0.007701
0.008660
0.008658
0.008660
0.008660
0.007264
0.007847
0.008660
0.008660
0.008660
1.263399
0.007790
0.008621
0.008528
0.008660
0.008512
1.258900
0.007598
0.008659
0.008660
0.008660
0.008659
0.008660
0.008659
0.008203
0.008589
0.008686
0.008656
0.008660
0.007653
0.008660
0.008413
0.008657
0.008959
0.008660
0.008660
0.008660
0.008660
0.008660
0.008660
0.008660
0.008661
0.008649
0.008914
0.008661
0.820685
1.125487
1.127333
0.007773
0.007742
0.007636
0.006711
0.006725
0.007578
0.007543
1.601256
0.006743
0.006254
0.007179
0.006979
0.006838
1.589158
0.007324
0.006699
0.006699
0.006256
1.623811
0.006790
0.006699
0.006699
0.007113
0.007159
1.651452
1.270264
1.364467
1.269708
1.393673
0.004976
0.004932
