1.000000
1.000000
1.000000
1.000000
1.053292
1.098383
1.136321
1.167866
1.193642
1.214133
1.229707
1.240641
1.247126
1.249275
1.247126
1.240642
1.229708
1.214135
1.193643
1.167866
1.136317
1.098368
1.053314
1.053280
1.098501
1.136288
1.167816
1.193599
1.214099
1.229679
1.240616
1.247098
1.249248
1.247101
1.240616
1.229673
1.214083
1.193604
1.167816
1.136280
1.098507
1.053286
1.000000
1.000000
1.000000
1.000000
1.000000
1.000000
1.000000
1.000000
1.000000
1.000000
1.000000
1.000000
1.000000
1.000000
1.000000
1.000000
1.000000
1.000000
1.254087
1.254060
1.267434
1.220370
1.220329
1.263472
1.061270
1.195448
1.061861
1.195393
1.164513
1.164578
1.254058
1.058498
1.057409
1.268126
1.127854
1.127472
1.055674
1.055674
1.084226
1.085793
1.054771
1.263474
1.274214
1.261683
1.279494
1.263663
1.279512
1.292994
1.260318
1.274518
1.251992
1.264811
1.239086
1.284386
1.223139
1.273141
1.289618
1.206787
1.222050
1.186583
1.187481
1.203399
1.201385
1.276633
1.289959
1.300448
1.297859
1.305818
1.300921
1.305855
1.308997
1.306291
1.300456
1.298133
1.289618
1.284381
1.273138
1.264808
1.250739
1.239085
1.222049
1.307379
1.274514
1.206788
1.223139
1.186581
1.257461
1.187484
1.203400
1.201381
1.289963
1.164735
1.164732
1.163196
1.163196
1.232713
1.242136
1.235087
1.180417
1.214543
1.242134
1.144097
1.144441
1.139164
1.177606
1.285423
1.211163
1.144572
1.144532
1.307378
1.303641
1.300990
1.295056
1.289897
1.292991
1.279492
1.295057
1.137952
1.211167
1.238280
1.110248
1.137553
1.117164
1.138972
1.090032
1.092334
1.120187
1.257658
1.259433
1.117693
1.089628
1.093450
1.180390
1.110389
1.164616
1.085954
1.274987
1.306288
1.263079
1.267989
1.282697
1.280989
1.235087
1.250743
1.239769
1.243837
1.254086
1.195394
1.219777
1.239665
1.261666
1.242272
1.273909
1.214543
1.298134
1.279509
1.220372
1.128358
1.298215
1.239802
1.268125
1.239804
1.055815
1.276824
1.167442
1.127415
1.195446
1.263234
1.055817
1.164518
1.300991
1.301978
1.291083
1.220366
1.251991
1.291088
1.232034
1.167516
1.154858
1.190872
1.260316
1.177605
1.263661
1.120649
1.301978
1.111039
1.281645
1.289898
1.284109
1.281645
1.274212
1.243835
1.261682
1.220364
1.154799
1.111859
1.190853
1.055727
1.048461
1.048419
1.083697
1.094054
1.094050
1.098723
1.099136
1.239316
1.291903
1.044474
1.188764
1.153035
1.261299
1.287599
1.277285
1.042391
1.292546
1.241144
1.258783
1.153033
1.042019
1.271167
1.188761
1.217941
1.217920
1.278482
1.043064
1.042250
1.042190
1.042247
1.042180
1.121098
1.120458
