0.000000
0.000000
0.000000
0.006156
0.006144
1.000000
1.000000
1.000000
1.000000
0.013565
0.021279
0.028840
0.036472
0.043668
0.050519
0.056766
0.062325
0.067321
0.071662
0.075332
0.078366
0.080854
0.082764
0.084056
0.084807
0.085007
0.084836
0.084046
0.082695
0.080744
0.078435
0.075397
0.071709
0.067342
0.062272
0.056691
0.050470
0.043793
0.036328
0.028948
0.021342
0.013530
0.003289
0.003283
0.000000
0.000000
0.000000
0.000000
0.000000
0.000000
0.000000
0.000000
0.000000
0.000000
0.000000
0.000000
0.000000
0.000000
0.000000
0.000000
0.000000
0.000000
0.000000
0.000000
0.000000
0.000000
0.010259
0.015600
0.023564
0.035770
0.055410
0.087343
0.142378
0.246125
0.444771
0.010240
0.015576
0.023507
0.035740
0.055391
0.087349
0.142461
0.246183
0.444502
1.000000
1.000000
1.000000
1.000000
1.000000
1.000000
1.000000
1.000000
1.000000
1.000000
1.000000
1.000000
1.000000
1.000000
1.000000
1.000000
0.865970
0.861425
0.914223
0.114043
0.115188
0.102971
0.096171
0.256697
0.255955
0.118119
0.084595
0.074878
0.893727
0.076327
0.075505
0.056878
0.110004
0.108440
0.056846
0.782297
0.723431
0.785527
0.722325
0.633874
0.601604
0.669939
0.569959
0.617835
0.533435
0.568220
0.481078
0.492735
0.521322
0.450183
0.469455
0.405277
0.416899
0.392633
0.479016
0.420240
0.359168
0.476820
0.413248
0.463842
0.397221
0.354553
0.336798
0.372273
0.310600
0.337390
0.300424
0.277359
0.293365
0.605272
0.257392
0.238434
0.244443
0.536970
0.515714
0.354887
0.198362
0.196198
0.503794
0.599810
0.633622
0.599692
0.507331
0.312664
0.263222
0.270757
0.034353
0.034374
0.226119
0.229509
0.217500
0.191554
0.776688
0.239821
0.183263
0.152088
0.135686
0.616446
0.184234
0.160038
0.156968
0.691399
0.701403
0.114692
0.098371
0.270346
0.226816
0.264006
0.218820
0.252872
0.205768
0.234265
0.185383
0.188079
0.210245
0.259603
0.228658
0.279573
0.240842
0.293023
0.244668
0.201142
0.198433
0.295433
0.162839
0.156197
0.186225
0.139929
0.159387
0.118214
0.116585
0.162274
0.218779
0.338717
0.171965
0.183761
0.497672
0.427570
0.123920
0.577652
0.483720
0.035178
0.035345
0.711031
0.512863
0.407104
0.496135
0.417656
0.337660
0.176299
0.204111
0.146936
0.152469
0.180535
0.154334
0.131398
0.665199
0.785526
0.162871
0.619627
0.696761
0.781645
0.779582
0.128487
0.308096
0.024878
0.023260
0.185804
0.891775
0.874233
0.096594
0.252996
0.139492
0.781357
0.540274
0.313604
0.284282
0.350549
0.408746
0.676166
0.439860
0.151069
0.689010
0.083535
0.069295
0.076914
0.298690
0.290818
0.218087
0.170497
0.316286
0.053035
0.122792
0.545072
0.172077
0.112903
0.110541
0.144469
0.111210
0.051126
0.056652
0.050877
0.903507
0.370307
0.412407
0.082023
0.079030
0.101505
0.083930
0.167987
0.139485
0.055504
0.113409
0.250113
0.237868
0.159991
0.226354
0.089675
0.108867
0.129770
0.190045
0.150844
0.146912
0.101261
0.106089
0.120670
0.178005
0.195538
0.189480
0.365982
0.147109
0.257587
0.047014
0.281194
0.067435
0.501309
0.073549
0.364322
0.098049
0.116072
0.119725
0.156999
0.309731
0.095039
0.114951
0.152292
0.350861
0.081367
0.557871
0.724877
0.724804
0.167026
0.100090
0.061857
0.774420
0.350621
0.360049
0.422358
0.075529
0.814310
0.042623
0.114700
0.232262
0.872397
0.115932
0.281799
0.359490
0.923975
0.119587
0.469710
0.780917
0.413452
0.335580
0.209469
0.431654
0.041370
0.134150
0.740929
0.035914
0.481243
0.351080
0.852892
0.353287
0.082071
0.122788
0.142682
0.135691
0.846761
0.098073
0.362070
0.108696
0.322375
0.127203
0.055211
0.638900
0.144508
0.924675
0.168586
0.418106
0.845425
0.722781
0.751872
0.712861
0.712906
0.458715
0.458640
0.013252
0.013229
0.028610
0.028625
0.080798
0.080778
0.130838
0.130832
0.006115
0.006105
0.041614
0.041617
0.018397
0.018372
0.633600
0.633580
0.352469
0.496334
0.352435
0.477858
0.744689
0.468813
0.189467
0.189497
0.361028
0.278313
0.278328
0.792218
0.777712
0.005747
0.005737
0.286464
0.286397
0.129738
0.129772
0.058574
0.058584
0.035323
0.035328
0.014444
0.014439
0.256587
0.008938
0.008947
0.005864
0.005855
0.002789
0.002784
