130	331	257	
257	310	130	
264	392	122	
214	325	192	
266	289	196	
240	423	294	
135	278	277	
120	338	285	
280	336	133	
279	280	228	
271	334	128	
146	266	196	
269	417	43	
280	328	227	
65	406	10	
152	410	296	
128	382	271	
296	416	152	
285	338	317	
301	364	335	
308	392	268	
134	339	276	
166	342	286	
122	306	264	
335	364	126	
228	280	227	
323	390	382	
9	369	288	
87	343	306	
227	412	259	
274	428	309	
323	382	128	
273	325	214	
44	269	43	
230	279	228	
286	342	218	
118	372	278	
47	291	9	
216	360	345	
192	325	191	
212	259	239	
122	392	304	
294	423	239	
281	329	277	
234	281	277	
123	327	282	
243	390	385	
291	402	266	
309	428	131	
133	328	280	
286	355	326	
345	360	270	
327	368	282	
276	402	134	
240	408	199	
315	324	222	
200	212	198	
209	383	270	
385	390	316	
146	196	147	
317	338	137	
396	425	272	
306	343	244	
185	200	198	
125	307	299	
282	351	123	
259	365	239	
260	416	296	
135	340	278	
268	379	308	
304	392	308	
239	365	294	
316	390	142	
213	227	212	
225	355	286	
328	412	227	
276	285	252	
125	299	66	
309	361	274	
185	198	197	
227	259	212	
43	417	130	
45	146	124	
277	329	135	
172	265	185	
131	283	68	
270	383	345	
89	327	123	
212	239	198	
10	292	64	
87	306	86	
129	397	273	
121	290	92	
200	213	212	
318	395	249	
160	176	162	
222	385	315	
363	381	237	
277	278	233	
278	340	118	
158	160	159	
234	277	233	
137	318	317	
282	368	245	
272	425	287	
198	199	197	
249	395	281	
236	281	234	
280	372	336	
249	281	236	
124	269	44	
142	347	316	
172	185	181	
146	147	124	
45	124	44	
67	125	66	
232	233	230	
67	283	125	
131	367	283	
160	162	161	
313	333	177	
297	330	144	
164	429	287	
248	249	236	
416	419	158	
238	363	237	
339	409	276	
93	302	121	
266	402	289	
213	228	227	
168	425	396	
86	306	122	
303	311	84	
220	333	313	
305	311	303	
142	390	323	
283	284	125	
188	321	320	
162	164	163	
45	288	146	
285	409	120	
312	411	143	
233	279	230	
319	381	121	
199	423	240	
155	158	157	
287	425	164	
252	285	250	
198	423	199	
353	366	201	
232	234	233	
188	322	321	
254	276	252	
278	372	279	
250	317	249	
317	318	249	
91	290	132	
319	391	381	
254	289	276	
158	386	160	
128	334	95	
276	409	285	
225	286	218	
158	159	157	
296	410	196	
294	404	240	
286	356	166	
248	250	249	
273	384	129	
160	161	159	
281	395	329	
315	385	316	
143	411	348	
302	319	121	
86	122	85	
93	121	92	
189	320	193	
91	132	90	
122	304	303	
122	303	85	
69	309	131	
144	330	37	
289	377	196	
218	342	178	
89	123	88	
266	369	291	
149	152	151	
155	416	158	
188	320	189	
322	366	353	
162	163	161	
176	378	162	
81	346	143	
351	388	123	
285	317	250	
182	322	184	
43	130	42	
69	131	68	
165	168	167	
92	290	91	
94	302	93	
143	346	312	
314	324	315	
68	283	67	
217	275	274	
185	197	181	
169	172	171	
191	325	308	
320	321	275	
229	230	228	
127	314	35	
132	368	327	
130	310	42	
239	423	198	
304	308	305	
41	310	139	
152	155	154	
314	315	141	
184	322	188	
185	265	200	
149	410	152	
193	320	217	
313	375	238	
76	126	75	
36	127	35	
144	393	297	
152	154	151	
125	389	307	
311	397	129	
231	232	230	
85	303	84	
70	309	69	
278	279	233	
196	410	147	
127	324	314	
117	395	370	
298	380	126	
84	311	83	
315	316	141	
38	144	37	
74	145	73	
382	390	243	
138	309	70	
34	314	141	
83	311	129	
326	356	286	
217	320	275	
35	314	34	
133	337	328	
96	323	128	
289	402	276	
279	372	280	
76	335	126	
304	305	303	
132	327	90	
83	129	82	
96	128	95	
217	274	226	
142	323	97	
42	310	41	
97	323	96	
235	236	234	
220	313	238	
202	218	178	
78	140	77	
34	141	33	
209	270	242	
193	217	195	
81	143	80	
98	142	97	
90	327	89	
219	225	218	
147	149	148	
205	331	203	
247	248	236	
172	426	265	
121	381	290	
179	333	220	
41	139	40	
71	138	70	
179	220	215	
37	330	36	
126	364	298	
158	419	386	
140	335	77	
36	330	127	
138	394	361	
308	325	305	
221	301	300	
217	226	195	
155	157	156	
199	408	307	
88	343	87	
257	331	205	
220	238	237	
146	288	266	
265	359	200	
95	334	94	
241	273	214	
270	271	242	
204	207	206	
226	261	246	
82	346	81	
316	347	141	
189	193	192	
123	343	88	
94	334	302	
193	195	194	
226	246	195	
186	267	183	
261	298	246	
138	361	309	
184	188	187	
79	348	78	
33	347	32	
300	312	241	
202	219	218	
155	156	154	
159	177	157	
149	151	150	
127	376	324	
293	404	292	
221	332	301	
211	263	262	
193	194	192	
319	422	360	
257	415	310	
196	377	296	
221	300	241	
40	350	39	
72	349	71	
220	237	215	
164	165	163	
172	181	173	
194	214	192	
210	222	208	
302	422	319	
207	209	208	
189	191	187	
224	264	244	
213	229	228	
211	257	205	
194	221	214	
188	189	187	
77	335	76	
221	241	214	
204	206	205	
229	231	230	
219	245	225	
189	192	191	
290	381	363	
209	242	210	
137	370	318	
263	297	262	
172	173	171	
10	293	292	
207	208	206	
242	243	210	
186	268	267	
180	256	175	
251	252	250	
168	169	167	
329	395	117	
195	332	194	
246	332	195	
211	262	257	
179	215	180	
209	210	208	
149	150	148	
184	187	186	
126	380	75	
157	333	156	
156	333	179	
147	148	124	
206	211	205	
319	360	216	
194	332	221	
184	186	183	
207	383	209	
232	235	234	
151	153	150	
274	361	226	
174	178	170	
204	205	203	
182	366	322	
190	224	223	
56	135	55	
50	120	49	
54	117	53	
52	137	51	
62	119	61	
59	336	58	
60	133	59	
58	118	57	
61	337	60	
51	338	50	
57	340	56	
156	179	175	
74	380	145	
296	377	255	
129	346	82	
290	363	132	
264	306	244	
361	394	261	
153	204	203	
161	326	159	
322	353	321	
370	395	318	
190	202	178	
182	184	183	
141	347	33	
78	348	140	
307	408	299	
215	216	180	
71	349	138	
139	350	40	
179	180	175	
159	326	177	
154	352	151	
153	203	150	
177	333	157	
177	355	313	
156	175	154	
174	190	178	
308	379	191	
219	282	245	
412	413	259	
211	341	263	
235	247	236	
171	174	170	
222	341	208	
208	341	206	
190	223	202	
167	342	166	
206	341	211	
204	371	207	
298	364	246	
182	183	173	
224	244	223	
375	421	238	
260	419	416	
175	352	154	
199	307	201	
248	251	250	
331	344	203	
180	345	256	
5	400	38	
73	401	6	
165	167	166	
253	254	252	
267	358	183	
247	354	248	
169	171	170	
165	425	168	
39	400	5	
6	401	72	
273	397	325	
284	427	353	
150	344	148	
148	269	124	
178	342	170	
80	398	4	
4	398	79	
3	399	98	
32	399	3	
164	425	165	
181	182	173	
284	389	125	
272	287	231	
232	357	235	
260	296	255	
202	351	219	
216	345	180	
197	366	181	
376	403	324	
151	352	153	
350	393	144	
378	420	162	
162	420	164	
119	337	61	
137	338	51	
58	336	118	
60	337	133	
133	336	59	
56	340	135	
50	338	120	
118	340	57	
256	352	175	
145	394	349	
169	426	172	
223	351	202	
393	415	262	
231	357	232	
201	389	353	
49	339	48	
63	362	62	
353	427	321	
165	166	163	
235	295	247	
216	391	319	
148	344	269	
226	361	261	
291	369	9	
170	342	167	
203	344	150	
229	272	231	
191	379	187	
183	358	173	
219	351	282	
171	358	174	
173	358	171	
251	253	252	
238	421	363	
283	367	284	
270	360	271	
326	355	177	
253	258	255	
200	359	213	
176	386	373	
271	382	242	
297	376	330	
169	170	167	
199	201	197	
293	406	405	
190	374	224	
332	364	301	
380	418	145	
248	354	251	
186	379	268	
263	376	297	
235	357	295	
53	370	52	
163	356	161	
210	385	222	
161	356	326	
297	393	262	
246	364	332	
287	357	231	
387	392	264	
253	255	254	
201	366	197	
52	370	137	
117	370	53	
288	369	266	
258	260	255	
352	371	153	
312	384	241	
329	414	135	
117	414	329	
215	391	216	
299	407	66	
224	387	264	
374	387	224	
307	389	201	
153	371	204	
292	404	294	
166	356	163	
181	366	182	
265	396	359	
120	339	49	
62	362	119	
160	386	176	
363	421	368	
225	375	355	
213	359	229	
371	383	207	
48	134	47	
64	136	63	
325	397	305	
256	371	352	
267	374	358	
241	384	273	
145	418	394	
131	428	367	
358	374	174	
324	403	222	
330	376	127	
54	414	117	
135	414	55	
346	384	312	
275	428	274	
244	388	223	
152	416	155	
343	388	244	
268	392	387	
75	380	74	
176	373	354	
336	372	118	
305	397	311	
373	386	258	
247	378	354	
245	375	225	
123	388	343	
174	374	190	
229	359	272	
147	410	149	
187	379	186	
253	373	258	
134	291	47	
404	405	240	
267	387	374	
242	382	243	
405	408	240	
310	415	139	
64	292	136	
254	377	289	
38	400	144	
145	401	73	
363	368	132	
292	294	136	
262	415	257	
321	427	275	
299	408	405	
347	399	32	
79	398	348	
139	415	393	
295	378	247	
243	385	210	
255	377	254	
345	383	256	
359	396	272	
136	365	362	
143	398	80	
98	399	142	
129	384	346	
256	383	371	
140	424	335	
222	403	341	
355	375	313	
268	387	267	
261	418	298	
381	391	237	
354	373	251	
263	403	376	
136	362	63	
48	339	134	
298	418	380	
350	400	39	
72	401	349	
237	391	215	
353	389	284	
251	373	253	
354	378	176	
130	417	331	
294	365	136	
55	414	54	
142	399	347	
348	398	143	
300	411	312	
10	406	293	
168	426	169	
335	424	301	
139	393	350	
349	394	138	
271	422	334	
406	407	405	
300	424	411	
349	401	145	
144	400	350	
367	428	275	
223	388	351	
348	411	140	
293	405	404	
334	422	302	
301	424	300	
341	403	263	
411	424	140	
331	417	344	
405	407	299	
365	413	362	
337	412	328	
120	409	339	
368	421	245	
119	412	337	
287	429	357	
258	419	260	
344	417	269	
362	413	119	
134	402	291	
360	422	271	
386	419	258	
367	427	284	
275	427	367	
394	418	261	
119	413	412	
259	413	365	
245	421	375	
357	429	295	
396	426	168	
295	420	378	
265	426	396	
420	429	164	
295	429	420	
66	407	8	
7	288	45	
46	288	7	
8	406	65	
8	407	406	
9	288	46	
