0.000000
0.000000
0.000000
0.000000
0.000000
0.000000
1.000000
1.000000
1.000000
1.000000
0.000000
0.000000
0.000000
0.000000
0.000000
0.000000
0.000000
0.000000
0.000000
0.000000
0.000000
0.000000
0.000000
0.000000
0.000000
0.000000
0.000000
0.000000
0.000000
0.000000
0.000000
0.000000
0.000000
0.000000
0.000000
0.000000
0.000000
0.000000
0.023009
0.049047
0.082298
0.127755
0.196962
0.307310
0.502648
1.000000
1.000000
1.000000
1.000000
1.000000
1.000000
1.000000
1.000000
1.000000
1.000000
1.000000
1.000000
1.000000
1.000000
1.000000
1.000000
1.000000
1.000000
1.000000
1.000000
0.502794
0.307550
0.196708
0.128213
0.082442
0.049040
0.022967
0.000000
0.000000
0.000000
0.000000
0.000000
0.000000
0.000000
0.000000
0.000000
0.000000
0.000000
0.000000
0.000000
0.000000
0.000000
0.000000
0.000000
0.000000
0.000000
0.000000
0.000000
0.000000
0.000000
0.000000
0.000000
0.000000
1.000000
1.000000
1.000000
1.000000
1.000000
1.000000
1.000000
1.000000
1.000000
1.000000
1.000000
1.000000
1.000000
1.000000
1.000000
1.000000
1.000000
1.000000
0.957567
0.950572
0.942670
0.938971
0.051893
0.068857
0.081043
0.439382
0.434327
0.026443
0.027201
0.029561
0.032913
0.181038
0.199940
0.064706
0.941277
0.912619
0.947776
0.920296
0.946014
0.080621
0.080182
0.016683
0.018265
0.013948
0.013413
0.031445
0.029608
0.610472
0.492448
0.378215
0.408907
0.321663
0.340311
0.425761
0.268763
0.340736
0.401020
0.324080
0.376067
0.466807
0.423985
0.511097
0.462761
0.555367
0.493055
0.569218
0.507382
0.434335
0.449435
0.513005
0.455065
0.383419
0.390575
0.475239
0.388049
0.319149
0.270849
0.597524
0.341155
0.309789
0.252238
0.208065
0.457288
0.368054
0.308751
0.288289
0.551783
0.239941
0.220480
0.257305
0.192937
0.248829
0.164513
0.140165
0.160623
0.113547
0.124519
0.624008
0.528928
0.640359
0.606955
0.644412
0.486407
0.236276
0.246235
0.206040
0.183506
0.153064
0.166636
0.121063
0.126640
0.089790
0.131409
0.731817
0.722943
0.095267
0.188335
0.150355
0.172354
0.294040
0.218205
0.223882
0.075078
0.079087
0.181215
0.189727
0.269022
0.126761
0.817174
0.789992
0.711982
0.772205
0.697257
0.752432
0.826451
0.804668
0.730558
0.781227
0.159624
0.186664
0.756584
0.712348
0.059587
0.087865
0.065978
0.127485
0.195447
0.089043
0.706771
0.753956
0.839078
0.802656
0.723084
0.768234
0.679736
0.720899
0.624611
0.220117
0.150688
0.595283
0.823062
0.551463
0.083780
0.101001
0.089510
0.130602
0.569032
0.768831
0.249684
0.188857
0.312958
0.122694
0.072292
0.636440
0.068119
0.164031
0.231848
0.827838
0.876319
0.899806
0.843729
0.875479
0.854490
0.144186
0.291022
0.350708
0.863190
0.355236
0.624981
0.819176
0.754164
0.055811
0.893985
0.897177
0.852498
0.806638
0.664993
0.549037
0.061956
0.055146
0.598238
0.044891
0.052964
0.042092
0.047032
0.094886
0.082681
0.065617
0.545169
0.137849
0.138995
0.126129
0.037664
0.034275
0.265739
0.023877
0.043891
0.030328
0.882896
0.903174
0.093244
0.218598
0.286103
0.334716
0.021304
0.051326
0.108671
0.385155
0.069962
0.895106
0.917290
0.029206
0.214434
0.085578
0.297141
0.035757
0.023771
0.948635
0.946149
0.938394
0.931105
0.954652
0.108932
0.371454
0.066708
0.287044
0.164550
0.020179
0.010984
0.010216
0.044994
0.045280
0.165583
0.276839
0.374658
0.677595
0.309553
0.426079
0.681802
0.318913
0.643721
0.109306
0.109906
0.932758
0.122821
0.058443
0.851904
0.426225
0.262388
0.130136
0.868374
0.951157
0.219458
0.902075
0.638743
0.254773
0.235022
0.056239
0.656840
0.635987
0.187893
0.027246
0.101517
0.051053
0.169575
0.043010
0.056971
0.557718
0.192350
0.122387
0.433160
0.038184
0.136865
0.135587
0.069208
0.067225
0.901761
0.573961
0.066448
0.004749
0.004768
0.020109
0.019103
0.834859
0.077541
0.795580
0.738838
0.857887
0.739288
0.632787
0.884521
0.492371
0.025888
0.884380
0.887070
0.965466
0.108882
0.479783
0.242148
0.052541
0.528260
0.609855
0.178354
0.068015
0.696253
0.033832
0.562891
0.517698
0.292730
0.204993
0.630224
0.863670
0.882784
0.878308
0.864836
0.856352
0.885577
0.878126
0.834594
0.854798
0.487577
0.506128
0.415619
0.391680
0.389403
0.421623
0.411034
0.022309
0.022311
0.058655
0.058580
0.175549
0.175152
0.302581
0.299299
0.338004
0.573284
0.586454
0.107355
0.038950
0.107376
0.038916
0.686134
0.584287
0.674117
0.727279
0.625400
0.859050
0.889464
0.857929
0.698106
0.704379
0.624300
0.702154
0.857351
0.700086
0.884707
0.873399
0.897633
0.895552
0.219611
0.204342
0.489873
0.384680
0.715948
0.232828
0.118362
0.123473
0.011335
0.011345
0.736199
0.737722
0.516411
0.072171
0.070729
0.004427
0.004429
0.047341
0.047399
0.246743
0.759731
0.020096
0.020076
0.011083
0.011079
