269	414	65	
216	404	343	
323	340	19	
272	275	214	
44	309	82	
8	265	91	
7	190	189	
343	344	216	
66	269	65	
166	413	310	
329	372	306	
208	337	308	
306	372	178	
355	364	321	
141	364	355	
63	362	62	
232	349	283	
268	362	63	
318	402	302	
205	357	323	
105	354	103	
311	338	111	
278	413	166	
305	307	193	
193	318	305	
318	393	240	
305	318	302	
316	398	17	
337	376	328	
283	349	93	
308	337	328	
81	381	369	
127	256	125	
24	416	399	
95	263	257	
256	353	125	
338	429	111	
320	364	351	
240	393	239	
39	83	9	
10	81	46	
360	370	282	
251	360	282	
351	364	141	
309	394	82	
261	396	281	
184	330	170	
84	298	252	
275	365	214	
94	260	40	
257	262	95	
45	309	44	
24	399	264	
328	376	220	
376	417	220	
94	261	260	
205	323	322	
252	334	84	
296	417	376	
388	390	212	
103	354	111	
20	323	19	
192	307	204	
281	396	207	
264	423	258	
66	341	269	
214	335	272	
251	396	94	
279	281	207	
167	390	388	
267	346	164	
193	307	192	
166	359	278	
163	333	298	
131	256	127	
65	414	88	
369	381	233	
89	305	304	
23	264	258	
94	360	251	
24	264	23	
256	385	353	
290	391	345	
248	429	338	
57	380	95	
170	330	178	
249	419	315	
271	277	274	
80	188	8	
7	189	73	
245	358	322	
92	277	270	
92	270	14	
298	333	252	
277	278	274	
197	317	297	
67	341	66	
303	402	373	
336	373	213	
89	304	61	
95	380	263	
209	317	195	
22	245	21	
19	246	18	
303	373	329	
267	426	346	
246	259	18	
22	258	245	
315	426	249	
296	376	297	
17	398	16	
186	368	367	
322	358	205	
26	283	93	
292	350	175	
107	361	280	
326	334	202	
283	375	232	
107	280	110	
19	340	246	
359	411	278	
278	411	274	
155	325	266	
195	317	197	
299	392	241	
266	356	155	
89	307	305	
162	344	343	
98	319	289	
255	334	326	
263	420	330	
270	277	271	
347	430	284	
187	222	182	
377	400	266	
236	428	293	
266	400	227	
257	330	184	
390	399	212	
176	279	207	
348	420	263	
163	347	284	
284	333	163	
83	99	9	
62	362	89	
345	392	290	
111	354	311	
244	313	287	
383	413	278	
82	389	370	
281	415	261	
187	233	222	
26	93	25	
15	92	14	
297	376	197	
280	281	279	
289	290	85	
110	280	114	
186	187	182	
218	430	347	
235	398	316	
277	383	278	
367	368	242	
10	412	81	
61	304	60	
142	354	105	
209	341	317	
96	296	295	
149	182	131	
207	251	185	
370	389	282	
23	258	22	
18	259	17	
114	280	279	
241	379	299	
300	301	87	
356	363	155	
84	288	49	
36	289	85	
176	207	185	
345	391	175	
59	300	87	
144	384	142	
92	428	383	
188	423	265	
270	271	156	
295	297	86	
326	363	356	
293	398	236	
137	373	336	
13	270	156	
176	185	177	
191	338	199	
116	279	176	
321	364	287	
322	323	20	
346	426	217	
182	256	131	
114	279	116	
296	297	295	
248	338	191	
96	295	69	
50	298	84	
85	299	35	
41	94	40	
116	176	151	
302	303	301	
293	428	92	
258	395	245	
271	274	273	
91	265	167	
149	186	182	
142	384	354	
185	282	219	
15	293	92	
162	283	27	
246	401	259	
302	402	303	
307	362	204	
14	270	13	
175	391	292	
262	374	95	
300	302	301	
245	322	21	
27	283	26	
259	316	17	
289	319	290	
16	293	15	
274	291	273	
190	314	189	
287	313	247	
233	381	222	
273	291	276	
59	87	58	
68	86	67	
65	88	64	
180	320	174	
68	295	86	
86	341	67	
40	260	39	
291	292	276	
176	177	151	
50	84	49	
36	85	35	
48	288	97	
98	289	37	
286	358	245	
263	330	257	
139	321	159	
185	219	177	
261	382	260	
164	379	267	
303	306	301	
251	282	185	
60	300	59	
244	364	320	
198	316	314	
297	317	86	
62	89	61	
323	357	206	
85	392	299	
271	273	272	
237	311	310	
13	156	12	
395	423	188	
60	304	300	
308	328	158	
6	312	216	
38	98	37	
48	97	47	
163	298	51	
34	299	164	
49	288	48	
37	289	36	
193	393	318	
304	305	302	
21	322	20	
63	422	268	
97	312	47	
235	316	198	
51	298	50	
35	299	34	
246	339	285	
217	315	71	
57	95	56	
70	96	69	
242	327	177	
194	320	180	
348	380	87	
236	398	235	
42	370	360	
237	338	311	
69	295	68	
243	244	194	
70	315	96	
222	256	182	
159	321	196	
234	309	233	
172	363	202	
177	327	151	
196	287	247	
30	214	5	
229	266	227	
187	234	233	
94	396	261	
271	272	156	
272	335	156	
311	384	310	
98	424	319	
148	332	308	
28	162	27	
273	276	275	
244	320	194	
25	416	24	
114	116	115	
52	163	51	
34	164	33	
47	312	6	
173	215	179	
71	315	70	
110	114	113	
213	373	240	
269	341	209	
6	216	31	
116	151	117	
55	218	54	
72	217	71	
287	364	244	
196	321	287	
300	304	302	
132	149	131	
16	398	293	
158	328	171	
173	327	215	
263	380	348	
148	308	158	
172	202	200	
273	275	272	
129	131	127	
264	399	390	
301	348	87	
310	384	166	
171	220	203	
38	365	98	
199	237	236	
303	329	306	
136	155	154	
44	82	43	
361	421	280	
243	313	244	
255	326	231	
74	339	75	
136	325	155	
12	335	11	
292	319	276	
219	242	177	
206	340	323	
156	335	12	
229	356	266	
134	325	136	
160	208	140	
215	324	179	
315	419	96	
134	331	325	
114	115	113	
171	328	220	
186	367	187	
29	344	28	
33	346	32	
53	347	52	
214	365	5	
260	382	83	
151	173	117	
116	117	115	
202	363	326	
201	257	184	
202	252	200	
45	369	309	
221	241	183	
215	368	294	
326	356	231	
132	150	149	
170	178	153	
81	412	381	
129	132	131	
95	374	56	
150	294	149	
253	255	231	
149	294	186	
201	284	262	
39	260	83	
99	429	410	
230	231	229	
201	262	257	
373	402	240	
151	327	173	
228	229	227	
145	148	147	
230	254	253	
146	166	144	
192	194	180	
128	134	133	
159	196	195	
172	200	184	
204	243	194	
239	393	324	
165	175	157	
202	334	252	
203	249	221	
171	203	183	
28	344	162	
136	154	153	
249	267	221	
154	172	170	
135	137	133	
196	247	209	
230	253	231	
42	360	41	
200	201	184	
55	374	218	
228	230	229	
108	224	143	
158	171	165	
181	193	192	
179	324	181	
173	179	174	
164	346	33	
52	347	163	
179	181	180	
148	158	157	
203	221	183	
213	239	150	
134	136	135	
306	348	301	
320	351	174	
128	129	127	
58	380	57	
110	113	112	
41	360	94	
313	409	88	
171	183	165	
172	184	170	
249	426	267	
154	170	153	
84	425	288	
145	147	146	
128	133	129	
132	213	150	
112	138	109	
104	107	106	
79	286	80	
126	128	127	
173	174	117	
88	414	313	
136	153	135	
107	110	109	
162	375	283	
159	160	140	
158	165	157	
139	140	138	
143	145	144	
126	127	125	
252	333	200	
168	212	210	
195	197	160	
213	240	239	
334	425	84	
241	345	183	
115	141	113	
324	427	239	
208	378	140	
147	152	146	
192	204	194	
181	192	180	
134	135	133	
148	157	147	
179	180	174	
226	227	225	
204	268	243	
124	130	126	
381	412	250	
197	376	337	
201	333	284	
199	338	237	
226	232	228	
327	368	215	
93	416	25	
160	337	208	
294	368	186	
145	146	144	
226	228	227	
196	209	195	
200	333	201	
159	195	160	
110	112	109	
294	427	215	
247	269	209	
139	159	140	
317	341	86	
46	369	45	
82	370	43	
139	355	321	
126	331	128	
204	362	268	
103	111	101	
73	285	74	
100	161	102	
143	332	145	
211	225	169	
107	109	106	
143	144	142	
112	139	138	
145	332	148	
106	108	105	
137	336	133	
92	383	277	
128	331	134	
130	331	126	
237	310	238	
104	106	105	
1	405	30	
11	405	1	
129	336	132	
224	332	143	
108	143	142	
197	337	160	
2	406	29	
31	406	2	
230	342	254	
54	407	4	
4	407	53	
32	408	3	
3	408	72	
285	339	74	
108	142	105	
211	349	226	
231	356	229	
138	378	352	
78	358	79	
133	336	129	
124	125	122	
102	103	101	
80	286	188	
308	387	208	
342	343	254	
104	105	103	
165	345	175	
299	379	164	
228	342	230	
178	372	153	
183	345	165	
365	424	98	
100	101	99	
352	378	224	
175	350	157	
137	372	329	
102	104	103	
312	404	216	
154	363	172	
319	424	276	
211	226	225	
117	351	115	
132	336	213	
100	102	101	
124	126	125	
146	359	166	
188	265	8	
241	392	345	
246	340	339	
9	90	7	
8	91	10	
121	168	123	
239	427	150	
232	342	228	
157	350	147	
147	350	152	
199	236	235	
89	362	307	
242	368	327	
152	359	146	
5	365	38	
83	382	100	
138	352	109	
168	388	212	
174	351	117	
324	393	181	
141	355	113	
168	210	169	
113	355	112	
313	414	247	
329	373	137	
178	420	306	
88	422	64	
155	363	154	
120	250	118	
115	351	141	
226	349	232	
75	339	206	
76	357	77	
75	206	76	
77	205	78	
332	387	308	
237	238	236	
267	379	221	
108	352	224	
187	367	234	
104	361	107	
109	352	106	
43	370	42	
210	211	169	
135	372	137	
106	352	108	
166	384	144	
112	355	139	
314	401	189	
343	375	162	
215	427	324	
123	124	122	
87	380	58	
203	417	249	
280	421	281	
243	409	313	
282	389	219	
212	223	210	
331	377	325	
83	100	99	
125	353	122	
349	366	93	
79	358	286	
56	374	55	
121	122	120	
97	397	312	
101	429	99	
309	369	233	
219	403	242	
161	361	102	
207	396	251	
168	169	123	
225	371	169	
285	401	246	
102	361	104	
261	415	382	
222	385	256	
121	123	122	
153	372	135	
124	371	130	
290	392	85	
211	366	349	
120	353	250	
288	386	97	
274	411	291	
275	424	365	
140	378	138	
122	353	120	
292	391	319	
221	379	241	
130	377	331	
410	429	248	
227	400	225	
119	388	121	
119	121	120	
210	366	211	
314	316	259	
319	391	290	
191	199	198	
394	403	389	
371	400	130	
292	418	350	
325	377	266	
189	285	73	
208	387	378	
339	340	206	
100	382	161	
205	358	78	
291	418	292	
342	375	343	
119	120	118	
232	375	342	
223	366	210	
417	419	249	
335	405	11	
240	402	318	
199	235	198	
397	404	312	
90	248	191	
225	400	371	
81	369	46	
96	419	296	
123	371	124	
29	406	344	
245	395	286	
346	408	32	
53	407	347	
374	430	218	
409	422	88	
253	386	255	
30	405	214	
99	410	9	
217	426	315	
206	357	76	
77	357	205	
91	118	10	
234	394	309	
354	384	311	
64	422	63	
121	388	168	
169	371	123	
181	393	193	
216	406	31	
218	407	54	
72	408	217	
265	390	167	
286	395	188	
223	416	366	
330	420	178	
242	403	367	
234	403	394	
214	405	335	
198	314	190	
254	404	397	
167	388	119	
366	416	93	
253	397	386	
254	397	253	
91	119	118	
344	406	216	
383	428	238	
306	420	348	
224	387	332	
347	407	218	
217	408	346	
250	412	118	
259	401	314	
276	424	275	
220	417	203	
268	409	243	
90	190	7	
386	397	97	
238	413	383	
91	167	119	
343	404	254	
150	427	294	
111	429	101	
90	410	248	
247	414	269	
389	403	219	
284	430	262	
353	385	250	
367	403	234	
189	401	285	
378	387	224	
250	385	381	
90	191	190	
255	425	334	
381	385	222	
152	418	411	
310	413	238	
212	399	223	
191	198	190	
130	400	377	
152	411	359	
281	421	415	
258	423	395	
350	418	152	
415	421	161	
411	418	291	
262	430	374	
296	419	417	
82	394	389	
9	410	90	
161	421	361	
238	428	236	
118	412	10	
386	425	255	
288	425	386	
265	423	390	
382	415	161	
390	423	264	
268	422	409	
399	416	223	
